68.40965492127386 0.022378837531200926 0.11720977222038738 0.1109394192682743 2.3204753453066e-09 0.9747233243416458 1.2050249284744847 0.00022962264281803623 0.002723622743168851 0.03662175520567723 1.4632189766886915e-10 0.006468179906409791
68.05793941686143 0.022342618261372314 0.11807852812527822 0.07819847530409399 2.1861982130350297e-09 0.97192354098726 1.1998009852522156 0.0002298589537340513 0.0026743345361640155 0.03198020302906432 1.3937934591879998e-10 0.006777315701585698
68.27880212922227 0.022368038854870844 0.11758424652779895 0.0871060898091162 2.225931519614094e-09 0.9732393612072163 1.1811861336342848 0.00022871489509116642 0.0026522289747956005 0.03468768845596955 1.4385518402505346e-10 0.006516295991138939
68.2184684711747 0.022360814608856222 0.11772083718992529 0.08435828334486335 2.214848697654484e-09 0.972920900356319 1.1883501854613168 0.0002295566706582504 0.002653639186694708 0.033976764922213666 1.4307048351657745e-10 0.006593181178097982
68.2751928013363 0.02236687093264933 0.11759261687212372 0.08580490920665496 2.2205641484140823e-09 0.9732212158805559 1.1868398170008323 0.00023159846532471944 0.002658702377980131 0.03428197832981519 1.4366660171694598e-10 0.0066078593781119625
68.20969630171109 0.022357348994313322 0.11773397925313449 0.08444944422484246 2.2153187929752317e-09 0.9728992293620811 1.1622635797042362 0.00022487034699103495 0.002607472118886623 0.033809787986043116 1.423087745124819e-10 0.006468612842187711
68.24518033703123 0.022364318484385085 0.11766168964070697 0.08530258591367701 2.218721518369317e-09 0.9730602867778283 1.1873347350515184 0.00022917554760678612 0.0026558758329166374 0.03416467220454466 1.4328450698239733e-10 0.006573067286220602
68.23956855398637 0.022363317221292856 0.11767338000695318 0.08503553205800864 2.2176049052619244e-09 0.9730323088219253 1.1762975617589455 0.00022949068046658694 0.002617154592635912 0.03329611808668621 1.4030277758597952e-10 0.006523703373170787
68.31482074141141 0.022372097089516204 0.11750162844466934 0.08629007561114899 2.2222314475403513e-09 0.9734126565975052 1.1806711491399182 0.0002278315694130429 0.002640897237317482 0.03395861148040237 1.4267009202910653e-10 0.006525230919097368
68.22033519296727 0.022362058464509803 0.11771932449165541 0.08441110691963823 2.2154948332806607e-09 0.9729220169080971 1.1900292190124322 0.00023010594110830162 0.002654805658073278 0.03583828663529897 1.4340461270757362e-10 0.0065984343233889365
68.22162537887358 0.022358262321385394 0.11770610262932177 0.08493752856305449 2.2173287812308234e-09 0.9729655847167038 1.1911887191094632 0.0002334332360109014 0.0026591971769305512 0.034293689460145355 1.437571181947399e-10 0.006606686620546815
68.23916540057498 0.02236342464339686 0.11767472618087522 0.08511407348755422 2.2179601369331045e-09 0.9730302069089878 1.1871996471226058 0.0002292464727228736 0.002654683841755233 0.0341331942573402 1.4325872191176816e-10 0.006574199459016672
68.31233829892011 0.022371794783682952 0.11750724119307074 0.0862380726655604 2.22203188425307e-09 0.9734003694595781 1.1811792391520157 0.00022802977388894764 0.002641802435554624 0.033962166719442015 1.4269892288940902e-10 0.0065295495531642244
68.23446251665169 0.022362884797983724 0.11768543103112605 0.08472409301293114 2.2163957338504915e-09 0.9730014342529806 1.1876335504548752 0.00022897159600786975 0.0026509873958457703 0.0344870628855625 1.4317849140951332e-10 0.006581781337702346
68.24178343502383 0.022363876584479192 0.11766937588135903 0.08518340963883446 2.2182375867450776e-09 0.9730426887254785 1.1876471755436528 0.0002293028381022159 0.0026549755175593165 0.034161483325360786 1.4331604793976788e-10 0.006575698547228634
68.30823267447846 0.022371193683818492 0.11751603486129404 0.08616576149585084 2.221759222185291e-09 0.9733823392642242 1.1838647146873227 0.00022874413940340708 0.0026467018904593465 0.034041549844648876 1.4301522890631613e-10 0.0065659695610827224
68.23199647432277 0.022362537188707655 0.11769089935049577 0.08476276912938663 2.2163155962926632e-09 0.9729895400271705 1.1874894869645387 0.00022914815751423279 0.002650529812230096 0.032969341939069675 1.432051443135064e-10 0.006580864122401019
68.24222582191967 0.022363992409572656 0.11766856239425877 0.08518128687677488 2.2182245030870645e-09 0.9730444069534945 1.186973261471977 0.00022904244375380182 0.002653929450107881 0.03413929029736586 1.432441250881124e-10 0.006570479409907908
68.2351804937398 0.02236291585047617 0.11768381591056992 0.08500231725697435 2.217514340600498e-09 0.9730096668091947 1.1710393486380886 0.0002290083938500524 0.0026045697973306257 0.033253832066058725 1.40157398700134e-10 0.006501542442674141
68.24162356502616 0.022363898427391945 0.11766987466974509 0.08513331564617872 2.218020467917325e-09 0.9730411298085413 1.186325443506486 0.00022891073209467758 0.002652644554349686 0.03410701139388297 1.4316383393163725e-10 0.006566243032260134
